Generation: 0; Best individual: [102 32 102 102 15 102 102 102 7 27 36 13 5 18 3 102 102 17 6 102 20 21 48 30 102 102 37 102 102 44 4 42 102 10 102 23 1 102 102 47 52 31 28 11 102 102 102 102 29 45 34 35 102 102 102 19 26 12 43 51 25 102 102 53 22 102 102 102 102 102 9 102 102 102 33 40 102 24 102 102 39 16 50 49 102 102 102 102 102 102 38 2 102 41 102 102 102 8 102 46 14 102 ] Fitness: 0.5850480109739369

Generation: 1; Best individual: [102 51 102 102 9 102 12 102 53 46 54 102 17 102 39 21 7 44 102 40 55 33 10 40 19 102 26 102 35 36 13 102 102 57 102 102 15 5 29 22 58 18 40 42 102 102 102 1 52 30 31 24 41 37 35 8 38 48 27 11 102 20 102 23 102 25 102 36 102 102 102 102 49 102 34 3 102 32 102 102 102 102 102 16 2 102 102 102 42 102 28 56 47 6 50 102 102 14 4 45 43 102 ] Fitness: 0.6063100137174211

Generation: 4; Best individual: [102 51 102 102 9 102 12 102 53 47 54 102 17 102 39 21 7 45 102 40 55 33 10 40 19 102 26 102 35 41 13 102 102 57 102 102 15 5 29 22 58 18 40 42 102 102 102 1 52 30 31 24 42 37 36 8 38 49 27 11 59 20 102 23 102 25 102 36 102 102 102 102 50 102 34 3 102 32 102 102 102 102 102 16 2 102 102 102 43 102 28 56 48 6 50 102 102 14 4 46 44 102 ] Fitness: 0.620713305898491

Generation: 9; Best individual: [102 24 6 51 41 18 41 102 102 5 53 16 8 4 31 13 49 102 50 54 57 26 7 23 46 2 47 102 102 33 21 102 102 3 11 102 56 102 44 40 45 48 1 43 102 102 102 102 28 39 42 25 15 17 102 10 34 47 20 30 51 14 9 38 102 102 102 102 102 102 102 19 102 102 55 29 102 102 102 102 84 50 102 27 45 102 102 102 49 35 12 36 102 37 102 102 102 52 22 102 32 102 ] Fitness: 0.6330589849108368

Generation: 13; Best individual: [102 20 7 58 23 16 37 102 52 5 55 11 6 3 35 14 49 102 50 54 53 29 8 26 46 2 48 102 102 27 23 102 102 4 12 102 52 102 47 41 45 49 1 45 102 102 102 102 31 24 33 38 17 21 46 9 44 28 30 34 42 15 10 32 102 100 102 102 102 102 102 18 102 102 43 25 102 50 102 102 102 102 102 40 22 39 102 102 56 91 13 57 102 54 102 50 102 44 19 51 36 102 ] Fitness: 0.6502057613168725

Generation: 19; Best individual: [102 28 102 58 16 96 46 102 8 27 38 17 5 21 3 56 102 20 6 102 23 24 50 31 102 76 41 57 102 48 4 44 102 11 102 25 54 102 102 51 59 35 32 14 102 102 102 102 30 53 34 37 102 19 2 33 10 13 39 49 25 102 102 52 22 102 102 102 102 102 9 102 102 102 29 43 49 26 102 102 40 18 47 12 102 58 33 102 102 90 36 1 102 45 48 50 102 7 55 42 15 102 ] Fitness: 0.6508916323731139

Generation: 22; Best individual: [102 18 102 3 102 102 24 20 34 49 58 26 23 5 6 46 42 2 53 102 54 39 102 47 17 8 12 11 15 56 40 19 102 102 102 100 4 102 9 1 21 53 31 59 102 102 102 52 41 35 55 16 32 52 14 43 38 45 29 27 13 83 102 37 51 102 102 102 102 102 102 102 102 102 30 20 51 7 38 102 22 36 102 28 25 50 102 102 44 42 54 51 102 10 102 48 102 102 57 48 33 102 ] Fitness: 0.6584362139917695

Generation: 30; Best individual: [102 63 7 50 36 15 56 102 54 5 49 13 9 4 26 14 49 17 49 53 54 22 8 32 44 2 47 102 102 58 19 102 99 3 12 102 55 102 46 41 45 48 1 57 102 102 102 102 31 24 34 39 18 20 48 10 45 27 29 37 42 16 11 33 102 100 102 75 102 102 102 18 102 102 52 25 102 102 102 102 84 50 101 23 41 102 102 102 51 21 6 43 53 28 102 40 51 35 59 30 38 102 ] Fitness: 0.6646090534979424

Generation: 40; Best individual: [102 21 9 52 19 15 35 102 57 5 51 31 7 4 34 13 94 102 50 54 49 25 8 22 42 2 45 102 56 55 18 102 102 3 12 102 53 102 46 40 45 48 1 43 102 102 102 102 27 23 30 36 16 20 52 10 39 33 26 32 56 14 11 28 102 100 102 102 102 102 102 86 53 102 48 29 102 41 102 29 102 47 102 41 24 51 102 102 54 24 6 50 47 37 102 38 102 44 17 54 81 18 ] Fitness: 0.6659807956104252

Generation: 55; Best individual: [102 63 7 50 39 21 41 102 52 6 51 18 8 5 45 58 50 102 48 30 55 27 11 32 47 2 49 44 57 35 25 82 99 4 13 102 54 102 46 43 14 50 1 56 102 102 102 102 38 3 16 19 12 24 48 10 34 40 36 23 17 28 41 53 102 102 102 49 102 102 102 77 49 102 53 22 102 102 64 102 88 50 50 20 41 102 97 102 42 26 9 29 15 33 47 49 102 56 37 59 31 61 ] Fitness: 0.6838134430727023

Generation: 80; Best individual: [14 63 7 52 16 19 41 102 42 6 58 28 8 5 81 57 49 102 48 29 55 25 10 30 46 1 47 43 59 33 23 82 99 2 11 32 56 102 44 60 13 51 3 56 102 102 102 76 35 4 39 17 12 22 48 9 32 40 34 21 15 26 53 53 53 102 102 49 102 102 102 75 49 102 54 37 102 102 102 102 102 50 50 18 41 102 97 102 45 24 61 27 14 31 47 50 102 56 36 20 38 3 ] Fitness: 0.6982167352537723

