Generation: 0; Best individual: [102 2 102 36 28 102 102 102 15 47 102 102 32 4 20 37 17 102 30 102 50 11 33 35 102 102 102 102 3 46 27 102 102 102 102 102 21 18 49 43 39 102 102 24 102 102 102 102 41 13 29 52 34 23 102 48 19 6 102 102 26 7 102 8 5 51 102 14 102 1 102 16 102 102 42 45 102 10 102 102 102 102 102 44 102 102 102 102 102 102 38 102 102 31 25 102 102 9 12 22 40 102 ] Fitness: 0.5541838134430727

Generation: 1; Best individual: [102 102 1 40 102 4 9 102 52 54 6 5 102 102 22 47 102 102 27 43 39 15 102 102 102 24 102 19 17 16 32 102 102 44 102 102 102 102 102 38 102 11 102 102 102 102 102 102 13 33 28 25 49 48 102 31 53 3 45 21 36 20 102 12 42 31 26 102 102 102 102 102 102 102 23 14 8 102 102 102 46 35 102 37 50 18 10 102 51 102 29 7 34 2 102 102 102 102 30 102 41 102 ] Fitness: 0.5685871056241426

Generation: 2; Best individual: [102 45 1 40 102 4 9 102 50 52 6 5 102 102 23 47 102 102 28 43 38 16 102 102 102 25 102 20 18 17 33 102 102 43 102 102 102 102 102 37 102 11 102 53 102 102 102 102 14 35 29 26 49 48 102 32 51 3 44 22 36 21 102 12 42 31 27 102 102 102 102 102 102 102 24 15 8 102 102 102 45 34 102 13 46 102 102 102 54 102 19 39 10 2 102 102 102 55 7 30 41 102 ] Fitness: 0.5781893004115226

Generation: 4; Best individual: [102 102 102 30 102 12 38 102 11 36 18 51 102 102 20 34 102 4 102 102 45 26 102 3 47 102 54 7 5 37 41 50 102 16 102 102 42 2 47 28 102 50 8 102 102 102 102 102 53 29 33 22 49 10 19 14 46 24 40 32 52 1 45 35 55 43 102 102 102 102 102 102 102 102 44 6 102 102 102 102 48 17 102 102 102 9 102 102 23 27 31 56 15 102 102 43 102 25 39 21 13 102 ] Fitness: 0.5857338820301783

Generation: 5; Best individual: [102 3 102 52 14 31 44 102 17 102 102 5 35 32 16 102 13 102 4 55 30 47 102 53 102 9 7 21 51 24 12 102 42 51 102 102 102 102 52 29 45 10 56 22 102 102 102 102 45 2 34 32 102 50 37 35 28 27 38 15 25 102 102 19 43 33 102 102 55 102 102 102 102 102 41 46 102 102 102 1 102 20 102 40 41 36 8 102 57 48 39 6 102 102 11 26 54 18 49 34 23 102 ] Fitness: 0.588477366255144

Generation: 7; Best individual: [102 22 102 102 102 102 18 102 42 49 13 56 54 40 16 3 50 27 102 102 31 51 102 33 102 102 34 46 41 21 38 102 102 25 12 102 11 102 39 23 58 1 14 102 102 102 102 102 52 18 43 48 7 102 102 28 5 2 44 26 35 24 102 102 102 102 102 6 102 102 45 102 102 102 57 32 55 10 102 102 102 102 4 37 17 15 102 102 30 102 29 8 53 36 9 102 102 102 47 19 20 102 ] Fitness: 0.5925925925925926

Generation: 8; Best individual: [102 102 1 39 102 6 12 102 42 47 15 51 54 40 18 5 50 27 102 102 30 49 102 31 57 102 32 45 41 21 37 102 102 25 14 102 13 102 38 22 58 2 16 102 102 102 102 102 50 19 43 46 9 54 102 27 7 3 44 26 34 24 102 102 58 102 102 8 102 102 45 102 102 102 23 17 11 102 102 102 46 35 102 36 48 20 10 102 51 102 28 10 33 4 53 56 102 52 29 55 41 102 ] Fitness: 0.6069958847736625

Generation: 10; Best individual: [102 102 24 56 36 102 102 102 22 12 52 27 9 39 10 46 46 2 39 102 48 26 3 58 59 102 14 57 44 36 40 7 102 21 102 102 51 102 43 35 51 45 6 102 102 102 102 102 42 23 28 13 19 102 16 31 17 29 33 32 47 4 102 25 102 102 36 102 102 102 102 102 102 102 53 18 1 102 102 102 38 8 102 11 55 54 44 102 44 5 20 15 102 49 30 50 102 102 41 34 37 102 ] Fitness: 0.6227709190672154

Generation: 15; Best individual: [102 102 23 58 36 102 102 102 21 12 53 27 9 40 10 47 46 2 39 102 49 26 3 60 59 102 24 54 38 35 41 7 102 20 102 102 52 102 44 39 51 46 6 102 102 102 102 102 43 22 28 13 18 102 15 31 16 29 33 32 48 4 102 25 102 102 36 102 102 102 102 102 102 102 55 17 1 102 102 102 37 8 102 11 57 56 44 102 45 5 19 14 102 50 30 51 102 102 42 34 36 102 ] Fitness: 0.6344307270233196

Generation: 18; Best individual: [102 6 102 22 102 23 49 102 41 1 24 36 26 52 30 5 19 52 34 102 47 33 13 3 50 49 53 102 31 17 45 25 102 43 102 102 51 102 11 38 40 50 102 36 102 102 102 102 35 28 37 2 21 9 42 14 7 32 46 55 50 16 20 54 48 8 102 102 102 102 102 102 102 102 29 12 102 34 102 102 10 4 102 102 50 54 102 102 56 18 57 57 102 15 102 41 102 55 27 39 44 102 ] Fitness: 0.6385459533607681

Generation: 19; Best individual: [102 102 21 60 36 102 102 102 18 12 53 25 7 36 10 48 50 2 38 102 51 29 3 54 59 102 20 57 41 39 43 9 102 23 102 102 52 102 45 35 51 47 5 102 102 102 102 102 44 22 26 13 16 102 14 28 17 30 34 32 50 4 102 27 102 102 36 102 102 102 102 102 102 102 55 19 1 102 102 102 40 8 102 11 58 56 44 102 46 6 24 15 102 49 102 37 102 102 42 31 33 102 ] Fitness: 0.6406035665294925

Generation: 20; Best individual: [102 56 102 44 102 102 14 102 23 50 102 12 18 30 2 48 8 102 7 102 29 17 39 31 102 102 27 102 53 47 38 102 102 59 102 102 6 42 32 36 60 20 57 54 102 102 102 102 33 58 49 46 11 55 53 40 26 34 15 21 9 19 102 16 53 37 38 102 51 102 50 102 102 102 10 25 102 102 102 102 102 5 35 3 102 46 102 102 43 1 13 22 102 45 52 24 102 41 4 28 51 102 ] Fitness: 0.6481481481481481

Generation: 47; Best individual: [102 18 102 37 102 58 28 102 40 35 54 10 102 2 21 44 50 102 3 102 52 47 102 57 102 8 25 56 15 33 42 1 102 9 102 102 13 44 102 31 37 23 19 39 102 102 102 102 16 55 17 26 53 41 53 12 4 36 45 32 7 38 102 27 48 52 102 102 102 102 102 102 102 102 20 30 59 56 102 102 49 34 42 5 43 6 102 102 24 61 14 11 102 54 46 29 102 60 51 50 22 102 ] Fitness: 0.6488340192043895

Generation: 48; Best individual: [102 48 102 33 102 3 19 102 51 7 57 4 21 46 39 10 48 28 41 48 56 31 102 59 50 41 40 29 18 17 43 44 102 2 36 102 15 30 36 25 48 22 102 102 102 102 102 102 11 45 35 12 37 102 50 24 5 13 32 26 14 9 102 47 53 54 102 102 60 102 102 102 102 102 16 42 102 102 102 102 50 38 102 49 43 34 102 102 20 6 1 52 51 23 55 54 102 8 27 41 58 102 ] Fitness: 0.6502057613168725

Generation: 49; Best individual: [102 26 21 16 38 102 102 102 6 11 44 53 9 39 13 52 50 2 40 102 51 30 3 55 59 102 24 57 46 41 43 8 102 22 102 102 50 102 48 35 45 47 5 102 102 102 102 102 45 23 28 17 19 102 15 29 20 31 34 33 54 4 102 27 102 102 39 102 102 102 102 102 102 102 56 18 1 102 102 102 40 10 102 12 58 58 44 102 49 7 25 14 102 48 102 36 102 55 42 37 32 102 ] Fitness: 0.6550068587105624

Generation: 50; Best individual: [102 49 102 33 102 3 19 102 51 7 57 4 21 47 39 11 48 28 41 48 56 31 102 59 50 41 40 29 18 17 43 44 102 2 36 102 15 30 37 25 48 22 54 54 102 102 102 102 10 45 35 12 36 102 50 24 5 13 32 26 14 9 102 46 52 54 102 102 60 102 102 102 102 102 16 42 102 102 102 102 50 38 102 49 43 34 102 102 20 6 1 53 51 23 55 54 102 8 27 41 58 102 ] Fitness: 0.6584362139917695

Generation: 59; Best individual: [102 6 102 1 102 23 34 102 14 18 10 8 17 28 39 54 41 32 102 100 53 4 12 26 45 51 43 58 16 57 24 40 102 3 102 102 52 102 50 7 2 45 57 102 102 102 102 102 56 58 21 9 42 27 13 31 33 20 38 15 44 46 55 36 25 46 102 102 11 102 102 51 102 102 51 35 102 5 102 102 30 51 102 19 102 47 102 102 29 51 50 55 22 51 34 49 102 44 45 37 48 102 ] Fitness: 0.659122085048011

Generation: 63; Best individual: [102 56 102 38 102 102 13 102 23 49 61 11 18 33 2 44 8 102 6 102 27 17 37 31 102 102 32 60 53 57 30 42 102 52 102 102 50 102 102 21 12 20 58 53 102 102 102 102 40 59 47 43 9 54 55 39 26 34 15 22 7 19 102 16 57 36 38 102 51 102 53 102 102 102 10 28 102 58 102 102 102 5 35 3 102 46 102 102 45 1 14 24 102 48 55 25 102 41 4 29 51 102 ] Fitness: 0.6659807956104252

Generation: 89; Best individual: [102 20 102 25 102 27 47 102 40 1 26 37 29 51 33 4 22 54 36 102 46 30 8 2 51 49 53 102 31 17 44 24 102 43 102 102 52 102 12 39 42 6 102 102 102 102 102 102 10 38 32 14 34 49 56 16 7 35 41 57 50 21 23 52 45 9 102 50 102 102 102 102 102 102 36 13 102 63 102 102 11 3 102 56 47 57 102 102 48 18 102 55 102 19 102 5 102 58 54 15 28 102 ] Fitness: 0.6680384087791496

Generation: 95; Best individual: [102 17 102 25 102 26 48 102 39 1 27 37 28 51 33 4 22 53 36 102 46 29 8 2 51 49 53 102 30 18 44 24 102 43 102 102 52 102 11 40 42 6 102 102 102 102 102 102 10 38 32 14 35 49 56 16 7 34 41 57 50 21 23 52 45 9 102 50 102 102 102 102 102 102 36 13 102 63 102 102 12 3 102 58 47 59 102 102 47 19 20 54 102 55 102 5 102 57 54 15 31 102 ] Fitness: 0.6707818930041153

Generation: 122; Best individual: [102 30 102 26 102 43 6 102 48 57 51 17 2 102 4 28 3 21 102 102 9 42 24 19 41 102 56 38 12 35 32 20 53 11 102 102 8 102 45 49 27 16 10 102 102 102 102 102 39 33 13 53 58 43 55 50 22 63 61 31 15 18 57 36 25 55 102 102 1 102 102 102 102 102 37 34 102 102 102 102 52 47 102 5 102 59 102 102 14 62 40 29 102 60 102 23 31 54 46 44 7 102 ] Fitness: 0.6728395061728395

Generation: 127; Best individual: [102 43 102 40 52 31 6 102 32 36 8 30 7 13 34 47 17 102 48 102 53 12 35 26 102 102 20 44 46 39 23 52 102 19 102 102 16 62 50 38 54 42 33 102 102 102 102 102 18 41 9 5 2 60 102 56 60 45 49 14 61 53 60 27 24 55 102 102 10 102 102 51 102 102 1 22 102 102 102 102 37 15 4 21 102 102 102 102 58 25 50 57 51 29 3 11 102 28 51 59 48 102 ] Fitness: 0.676954732510288

Generation: 134; Best individual: [102 6 102 2 102 24 37 102 14 20 10 8 18 32 41 50 40 31 102 102 53 4 12 27 45 51 44 58 17 56 25 42 102 3 102 102 52 102 51 7 1 46 26 23 102 102 102 102 55 57 21 9 43 29 13 33 34 19 39 15 43 45 55 36 26 46 102 102 11 102 102 51 102 102 51 35 102 5 102 102 30 51 102 16 102 46 102 102 28 54 48 54 22 49 34 49 102 44 45 38 47 102 ] Fitness: 0.6817558299039781

Generation: 166; Best individual: [102 25 48 18 10 36 51 102 14 7 12 24 102 52 49 17 54 47 49 102 45 42 9 16 4 102 50 39 34 35 30 45 102 58 74 102 59 102 21 28 20 5 26 56 102 102 102 102 1 32 38 6 53 8 27 11 22 29 37 41 56 53 51 3 43 61 102 102 102 102 102 102 102 102 40 19 102 102 102 102 57 102 102 15 102 52 102 102 13 102 33 44 102 2 102 23 102 56 46 31 55 102 ] Fitness: 0.686556927297668

Generation: 183; Best individual: [102 25 47 18 10 35 51 102 14 7 12 24 102 50 49 17 53 47 49 102 46 42 9 15 4 102 48 39 34 59 31 44 102 57 74 102 58 102 21 28 20 5 26 56 102 102 102 102 1 32 37 6 52 8 27 11 22 29 36 40 55 53 51 3 41 61 102 102 102 102 102 102 102 102 38 19 102 102 102 102 56 102 102 16 102 52 102 102 13 102 33 43 102 2 102 23 102 56 45 30 54 102 ] Fitness: 0.6899862825788752

